%YAML:1.0
---
checkerboard: !!opencv-matrix
   rows: 2
   cols: 1
   dt: d
   data: [ 6., 9. ]
squaresize: 25.
matrix: !!opencv-matrix
   rows: 3
   cols: 3
   dt: d
   data: [ 1.1594969646890340e+03, 0., 3.1246462060773234e+02, 0.,
       1.1614929926375826e+03, 1.8634806353239088e+02, 0., 0., 1. ]
distortion: !!opencv-matrix
   rows: 1
   cols: 5
   dt: d
   data: [ -8.6679895967414455e-01, -4.8310520289226462e+00,
       -2.6079332062434852e-03, -3.1434621600517784e-02,
       6.0471954442946505e+01 ]
pixelratio: 1.4163426513671873e+00
rotation_offset: -3.7386565416508764e+00
top_left: !!opencv-matrix
   rows: 2
   cols: 1
   dt: f
   data: [ 3.75566406e+02, 3.77307922e+02 ]
bot_right: !!opencv-matrix
   rows: 2
   cols: 1
   dt: f
   data: [ 1.75121704e+02, 1.05393723e+02 ]
origin: !!opencv-matrix
   rows: 2
   cols: 1
   dt: f
   data: [ 3.75566406e+02, 3.77307922e+02 ]
