%YAML:1.0
---
checkerboard: !!opencv-matrix
   rows: 2
   cols: 1
   dt: d
   data: [ 6., 9. ]
squaresize: 25.
matrix: !!opencv-matrix
   rows: 3
   cols: 3
   dt: d
   data: [ 1.4326066308447791e+03, 0., 7.6721331653400250e+02, 0.,
       1.4361593708043097e+03, 9.2469647393715229e+02, 0., 0., 1. ]
distortion: !!opencv-matrix
   rows: 1
   cols: 5
   dt: d
   data: [ -6.2763026899406063e-02, 1.2356012308231643e-02,
       2.6664142710224638e-03, 4.8171549650679463e-03,
       -5.9150547801313453e-03 ]
pixelratio: 6.6024374999999997e+00
rotation_offset: -5.1297642418819915e+00
top_left: !!opencv-matrix
   rows: 2
   cols: 1
   dt: f
   data: [ 9.17196228e+02, 3.80335480e+02 ]
bot_right: !!opencv-matrix
   rows: 2
   cols: 1
   dt: f
   data: [ 1.84799316e+03, 1.62560999e+03 ]
origin: !!opencv-matrix
   rows: 2
   cols: 1
   dt: f
   data: [ 9.17196228e+02, 3.80335480e+02 ]
