%YAML:1.0
---
rotation_offset: -5.1297642418819915e+00
top_left: !!opencv-matrix
   rows: 2
   cols: 1
   dt: f
   data: [ 0.0e+00, 0.0e+00 ]
bot_right: !!opencv-matrix
   rows: 2
   cols: 1
   dt: f
   data: [ 2016.0e+00, 2000.0e+00 ]