%YAML:1.0
---
checkerboard: !!opencv-matrix
   rows: 2
   cols: 1
   dt: d
   data: [ 6., 9. ]
squaresize: 25.
matrix: !!opencv-matrix
   rows: 3
   cols: 3
   dt: d
   data: [ 4.4738871603763782e+03, 0., 6.8987257131733043e+02, 0.,
       4.4911910632779873e+03, 9.6185145855364317e+02, 0., 0., 1. ]
distortion: !!opencv-matrix
   rows: 1
   cols: 5
   dt: d
   data: [ -4.7282784731681077e-01, -1.6701223006357597e+00,
       5.6162352632504742e-03, 2.1890312928031241e-02,
       9.8430038060506018e+00 ]
pixelratio: 2.7953161621093749e+00
rotation_offset: 1.3155863923900632e-01
top_left: !!opencv-matrix
   rows: 2
   cols: 1
   dt: f
   data: [ 5.19069397e+02, 1.41226578e+02 ]
bot_right: !!opencv-matrix
   rows: 2
   cols: 1
   dt: f
   data: [ 1.22271484e+03, 1.26035022e+03 ]
